171286120
224489432
294431192
1007072136
341304936
907171448
1553600952
1713339224
1952230000
269379320
248334456
238074456
223915096
261762424
2476354936
2286114936
2106739800
1949299848
1843454408
1535994656
1414644312
1166095904
1033663304
733271640
562512968
2852602952
1754661032
687253704
2604052680
1381977176
3349103704
2148194904
1001803864
3040235608
1945346648
704733272
2906740824
1934579288
890547800
3033839192
1890288216
523146328
2628686936
1249113176
3400789080
2040276056
709143640
2856627288
1379731032
3539799640
2105538136
657364056
2850987096
1416067160
3630659672
2045236312
4247243864
2673771096
1109010008
3340379736
1805252696
4065984600
2400657496
751818328
3062881880
1452443224
3788668504
2212347480
4544380504
2834019928
1106968152
3447389784
1770475096
4207367768
2598345816
957937240
3579375192
2180069976
1174905432
4257716824
2686069336
1043570776
3681790040
2185241176
4890565208
3342744152
1804925528
4644467288
3189922904
2289358424
4717862488
2265403480
4123482200
1626113624
3488384600
5346463320
2853694552
4715965528
2240798808
4124043352
1686179416
3582004824
1131730520
3031752280
4935966296
2505598040
4464335960
2058082392
4000043096
1647998552
3644487256
1328745048
3379761752
5439162968
3196835928
5285599320
3097698904
5329068632
3362072664
1311049304
3869574744
2511481432
5221001816
3145890904
5385649240
3330271320
1431295064
3528447064
5608821848
3181077080
5286617688
2862710872
4972443736
2573895768
4675244120
2126456408
4236189272
1687369816
3809687640
5927809112
3415664728
5558952024
3030011992
5173303384
2681083480
4845344344
2337410648
4510060120
2039186520
4224416856
1752942168
3933980248
6131795544
3679016536
5881024088
3418863192
5625067096
3183710296
5394106456
2968614488
5183207000
2754308184
4973097048
2552677976
4805017176
2393317976
4616299096
2200525400
4452868696
2063649880
4336962648
1864084056
4162562648
6444264024
3978934872
6273217112
3875560024
6224370264
3800304216
6161699416
3758075480
6136243800
3808664664
6270719064
3985430616
6518790232
4337605208
2134688856
4886152280
2838748760
5799927384
3894866520
2212835416
5123682392
2920364120
5281759320
2839688280
5293354072
2968835672
5988734552
4680008280
4452576856
4376244824
2299126360
4928957016
2696207960
5376366168
3174768216
5867511384
3693931608
6478949464
4405546584
2373958232
5364499032
3633987160
7249477208
6374492760
3192421976
5289573976
7097316952
3993573464
5818093656
2702603864
4531320408
6351648344
3244042840
5072759384
6905668184
3805830232
5638739032
2547200088
4405274712
6250768472
3185211480
5047482456
6913945688
3867401816
5754838616
2729023576
4603875416
6487119960
3476683352
5380897368
7289307736
4296433240
6213228120
3265315416
5190498904
7128267352
4228964440
6183510104
3346323032
5330230872
7330911832
4571308120
6592962648
3910692440
6062372440
3633254488
5914955864
3505328216
6047076440
3953369688
6675475032
4631936600
7433731672
5763332696
5271310424
6074906200
3807764056
5888138840
3176476248
5282016856
7379168856
4701611096
6811348056
4179454552
6280802904
3673479768
5795797592
3196888152
5319205976
7441523800
4888627288
7027722328
4470261336
6609356376
4108837976
6239544408
3739756120
5933379160
3456763992
5608439896
3164896344
5308187736
7472448600
5044887640
7230117976
4837668440
7006125656
4638512728
6794384984
4445418072
6630648408
4335021656
6520256088
4259000408
6448427096
4262392408
6460207704
4189837912
6387653208
4171139160
6394120280
4215632984
6459587672
4281654872
6517216856
4343499352
6562288216
4421985368
6653355096
4549650520
6797797464
4723784280
6984512088
4910432856
7158579800
5122855512
7375198808
5376809056
3408547416
5715414616
3750038616
6136595544
4247002712
6570647128
4652023896
6992445528
5156549720
7547303000
5770133080
4077735512
6543986264
4858791512
7396347480
5770008664
4273264216
6966007384
5570506840
4254309464
7131602008
6062451800
5182816344
4928632920
4925658200
5752714328
4409632344
3880762968
5164826200
4913598552
5731296856
4321175128
7034887768
5750020384
4510963288
7304369752
6089920984
4904390016
7731350912
6594668120
5568729096
4842907736
6524248840
4228360904
6577171144
4361951712
6152921568
3980615768
5779974232
7583524952
5434839640
7242586712
5129596784
6954116976
4886490200
6706818136
4669719424
6502628224
4499515480
6332424280
4365443392
6215133504
4310986840
6181646424
4319490136
6190149720
4378395224
6270028376
4474823768
6379037784
4645652056
6575031896
4885967448
6844709464
5224767576
7250614360
5699840600
4223925336
6400771160
5071623256
7357520984
6334828632
5638234200
4703143512
7584628312
6976510040
6045690456
5518393432
5983814232
6846113368
6027060824
4428273240
6236020312
2211173704
3293875176
5399415784
1907412824
4025538392
6131079000
2694652856
4829551544
6947677112
3515823000
5646529432
2237006584
4384490232
6527781624
3160673416
5299768456
1952001624
4124651096
6288911960
2982165832
5133841736
1825449944
3964544984
6128805848
2841192024
5009649240
7169713752
3956876888
6125334104
2916410968
5110034008
1903194200
4117786712
6332379224
3164527192
5383311960
2226912856
4424728152
6639320664
3512071768
5747637848
2638497368
4890836568
7143179864
4055520856
6307860056
3223853656
5518135896
2489190488
4791861336
7086147672
4074194520
6385253976
3394310744
5759898200
2823373400
5260266072
2390934104
4907516504
2163970136
4860905560
2289346136
5250524760
3060200536
6629555288
5541675608
6181672536
4556054104
2307624536
3927275096
6687127128
4014119000
6815914072
4257750104
7369923672
