
> Task :compileJava

> Task :processResources NO-SOURCE
> Task :classes

> Task :breathfirst
Breath First explored 314 states and solution has depth of 5: 83
143991128
423453528
435970200
637117912
288523416
1043226184
365699288
886392976
1069338424
1259313128
1482876792
1439329592
1388182560
1399954984
1404987720
1035437720
687056744
348844808
2576018184
2317322128
1589176984
932082328
324331160
2631198360
2125389464
1282052248
539421848
3425103000
616180376
2700751512
1276167832
3356542616
1915161240
503100568
2604444824
1194449048
3312574616
1730199704
3823155352
2236356760
662119576
2755079320
1212596888
3330718360
1666218136
3780147352
2099515032
4242806424
2619978904
1023833240
3192290456
1300659352
3469112472
1632295576
3821722264
2069712024
4322051224
2552298648
4783668376
2809222808
838702744
3095238296
1171231896
3431963800
1474585240
3735313048
1575433368
3848746136
1719300760
4038752920
1997883032
4371859096
2314141336
4730060440
2656378520
5101655704
3054835352
1090382488
3757959832
1855990424
4531956376
2711628440
1391419032
3591045784
5579145880
2890162840
4932790936
2117183640
4126257304
1316053144
3346096280
5325807768
2516353176
4512841880
1728912024
3758955160
5805775512
2904041624
4955054232
2119246488
4149289624
6179332760
3288818840
5318861976
2425353368
4463785112
1484604568
3548202136
5607607448
2657873048
4738247832
1796299416
3859896984
5919302296
2960083096
5027877016
2011688600
4087871128
6197603992
3205221528
5302373528
2323799192
4454505624
6555849880
3575829144
5668788888
2622733464
4707300504
2808306328
4922235544
1755533976
3869463192
6004365976
2946716312
5052256920
1868782232
1867497112
4035950232
6212796056
2878324376
5042585240
7211038360
3918509720
6107936408
2903490200
5071943320
7240400536
4031755928
6258933400
3100622488
5306826392
2177875608
4392468120
6611252888
3419389592
5642370712
3880409752
6099194520
2852803224
5109338776
7428790936
4312421016
6585733784
2367130776
4686582936
7014419608
3603877400
5961076248
2595788536
4994930424
7406653176
4149054224
6598527760
3411461352
5919655144
2841089176
5462527128
2518125720
5152148632
2354547864
5068264600
2383910040
5605135512
3721893016
4049048728
7626038936
4002887320
5932267160
7857454744
4292715160
6264038040
2715379352
4682509976
6649636504
3106442392
5060988056
7040699544
3499481752
5462416024
7500847768
3978716312
5954235544
7917169816
4368774808
6361071256
2829257880
4842523800
6851597464
3297747096
5352956056
7391387800
3819661464
5820342424
7829416088
4260496024
6256984728
8266054296
4724122264
6741584536
3216979608
5263799960
7302231704
3805221016
5831067800
7861110936
4325263000
6393056920
2883528344
4930348696
3786299544
5833119896
7905106072
4235088024
6298685592
8383256728
4700655768
6814584984
3215874200
5354969240
7498256536
3899543704
6005084312
8119013528
4125090968
6209662104
8298425496
4403481880
6538380568
8652309784
4797504592
6928211024
3156208792
5316273304
7472145560
3753103608
5879617784
8052267256
4438904888
6636720184
8800981048
5236546976
7438558624
4016039064
6213854360
8411669656
5035256984
7241460888
3936347288
6134162584
8373920920
5169472664
7363095704
4196394136
6427763864
8608801944
5454687384
4984787608
7207768728
3990739608
6276633240
8537365144
5383248536
7664949912
4670214808
6951916184
3940407960
6201135768
8503810712
5618127512
7920802456
5026730648
7333597848
4423140504
6780339352
3961765016
6377684120
4986083992
7431361176
4591819416
6978376344
4101083800
6504422040
8962284184
6252763800
8836455064
6164683416
8760955544
6354749080
3879592600
6555558552
4156013208
6861337240
4486280344
7392930968
5194158744
8444746392
6752717976
5132201112
8558949528
7661988504
6322059928
8150776472
4751213208
6605095576
8500920984
5141926040
7041943704
8941965464
5616240792
7495288984
4189416600
6093630616
7968482456
4754311320
6683691160
8575320216
5339878552
7235703960
9144114328
5958481048
7875275928
4716869784
6654638232
8621764760
5520071832
7453648024
4364645528
6302413976
8231793816
5179811992
7104999576
9030183064
6024331424
7953711264
5006870680
6965612696
8928546968
6043362456
8018881688
5167089304
7134219928
4359169176
6330492056
8310203544
5528130712
7499453592
4744591512
6699137176
8662071448
5862725784
7855022232
5106113176
7081632408
9082313368
6362989208
8367866520
5676963480
7707006616
4968628888
6981894808
9011937944
6312002200
8312683160
5603129496
7582840984
4924763288
6954806424
8968072344
6241774744
8255040664
5558623896
7584474776
4938491032
7006284952
9044716696
6419617944
8466438296
5845232792
7904638104
5291243672
7363229848
9422631064
6872828568
8965788312
6479711384
8564278424
6015305368
8095680152
5562355352
7663699608
5177606296
7358644376
9506128024
7019622552
9141940376
6617507992
8739825816
6235721880
8379013272
5955173536
8106853536
5687522968
7952447128
5562807448
7743845528
5390845080
7676738712
5350198424
7589956760
5289183384
7642185880
5386870424
7693737624
5497073816
7883634840
5749233816
8173541528
6122526872
8685244568
6573753496
9149056152
7252173976
5476673176
8374939288
6889384088
5840597144
9686771864
6125188760
3683364312
5457552856
7269492184
9098208728
3905615032
5759497400
7621768376
9458873528
4303456184
6157338552
8023801784
2906136448
4772603776
6639067008
8497145728
3444792584
5336421640
7240635656
9178404104
4189817136
6110808368
8023410992
3042916216
4972296056
6884898680
8793309048
3827329176
5769289880
7723835544
2838898328
4793443992
6739601048
8710923928
3875450008
5842580632
7818095768
2999136408
4945293464
6925004952
8929882264
4173593240
6170081944
8187540120
3489931416
5519974552
7550017688
2894429336
4949638296
4828147352
6837216920
8867260056
4027035288
6090632856
8137453208
3334975128
5415349912
7499916952
9563514520
4819758744
6895937176
8997285528
4312247960
6426177176
8535910040
3934760600
6069659288
8238116504
3662130840
5822195352
8091315864
3674713752
5889306264
3268031128
5511981720
7810460312
3435801240
5826554520
8359914136
4257886872
5299010200
7903670936
3851973272
7010286232
3436344800
7735504352
7983362712
9707223704
4552422040
6326614680
8104999576
9900161688
4795691672
6590853784
8419570328
3421399704
5283670680
7137553048
8995631768
4003119768
5898945176
7790574232
9686399640
4747964056
6664763032
8577365656
3679517848
5642452120
7622163608
9622848664
4775523480
6746846360
8785278104
4005395096
6068992664
8136782488
10225545880
5549115032
7725956760
9927968408
5507197080
7981836440
4175083160
9644455576
9961042584
4970540696
6761506456
8636362392
3812329624
5775263896
7801110680
9961179288
5452442264
8245848728
Breath First explored 2326191 states and solution has depth of 13: 608439

BUILD SUCCESSFUL in 12m 43s
2 actionable tasks: 2 executed
