47902272
134653304
49784624
85795296
86019840
135918416
59507664
194305800
277338000
193623824
298642664
185482272
291887104
170619152
50244112
259304048
263523920
186097224
73103904
78480864
172427336
43078768
78971104
80978688
291751232
73146368
282866080
172808096
80649048
149725976
279265936
268863808
240872672
240530784
59923712
239228160
197913880
176646976
154151136
55237528
150203776
56409592
100537184
231127136
287851584
322590448
283423584
65505760
155723264
205590496
302652096
71244048
260376576
306730072
264987784
254367728
306661312
321396864
60182400
291176416
166558080
70285840
291719352
102209440
320031032
275019312
183047256
146804048
60172144
204024672
338555424
199711200
330271544
287306712
217081088
301287968
63482136
71094176
69367176
233528592
209194280
334092160
148628288
353102656
308461440
288763520
156229216
262707168
300231184
293292416
215063000
307167008
272863392
295416600
296740256
184599168
94516352
108201128
147864768
318145056
180433056
284166392
175864776
329009088
268476168
182815736
231242688
328899552
279038536
90982184
107590936
209886864
132512320
346095520
172221240
122133064
295268264
154941088
174871488
136164288
158616080
172689704
360386856
301460160
299873040
171090496
147548992
156787120
125204088
367768496
154347424
353023472
287060056
281419920
164366976
175150368
117827360
341412552
321726688
149340312
236534632
240995584
356266272
261709936
299334464
228223520
299128352
221497712
185193680
217153072
143139808
277471200
306476992
326575296
210886416
135856480
322733288
417785696
328069544
310084976
302086152
244492736
169820256
149147392
342510496
292849040
188031456
397911456
428484704
421403488
229676896
329608544
296138472
387815568
405206624
314181920
270804608
336726688
299359136
236722400
257751040
349342400
338517216
366997976
320315072
373864608
317045968
334959336
384604776
358547776
403562592
387403952
237368192
210128832
387433240
337691040
241880376
411583056
368937696
199951616
412062968
188968288
408873472
286743264
316611424
297880432
501482368
388845376
418627904
224830976
510101488
437641912
311860000
453268128
499751200
407853304
344774720
230746112
310702760
357549816
505854816
275922992
284770112
476661568
201440896
488593952
287996336
346171264
294889024
371575360
367392000
301630680
311675200
269473952
284226608
427272192
338969408
274647040
278337384
327858200
313566336
364510528
261605024
254461056
442740464
342143936
456708952
360342400
319762264
379197264
302019464
452269984
280745696
438130688
397630976
268998528
383621280
329472928
313688976
239639008
269715840
452502208
296399232
424439008
382681680
361572448
255652544
383214240
339207992
439383456
344045280
247322952
394299264
252060768
477621936
430863344
432810744
284071680
253930024
473512640
275609264
411630080
438414944
451086432
479346592
452484176
352768064
462588192
370337040
510578816
501777984
496576224
486112400
258734384
335910584
457116320
335684576
509215304
480987088
322287072
315042688
319661616
455979376
458239520
146847136
118036256
214757320
155347872
159732064
146149024
238623824
302018016
375518752
229692312
401759680
104658816
235271152
402276728
341020320
137268456
343904288
295169952
133033200
136595312
267591240
389942912
153338672
226152392
199590232
286019136
175394912
368830304
315578864
194522688
122690472
338697128
220321152
217390144
285635840
263392904
285303280
230872560
165984416
366355744
430917728
287700832
169009448
330959840
173035336
427841352
132100320
176404536
337341520
169808560
168078864
260656016
333218968
229635744
376556864
325787944
266360832
275585328
378824848
397029696
258043496
273422000
465579424
354429200
436756032
459194368
473441536
185910752
288218336
322604552
233984416
259509440
462088576
391664848
475212192
469293520
453930696
243568120
199314944
161166048
379269856
403067200
176998568
400626336
253156576
445478048
446790528
399684608
292846296
339369456
173583984
453555824
273567392
395016544
251013296
182435248
427726304
436455600
238454600
244025904
187418432
475223712
226935872
373870840
427276528
208345280
191979824
222076832
186125672
468397792
243080352
277158792
357008160
425710432
316038688
334636672
477571712
436972112
449748160
308805032
465297160
419506944
478821216
469695536
331604816
294986520
478042336
472494072
268184888
312845648
460276896
481777200
461197504
442894656
403040584
277353664
218754408
254690272
285803744
249315904
349195248
257365952
407591112
378068896
300341984
364620888
338501752
435302736
416821824
368381216
384202024
227696088
390955520
265597592
483906976
392180000
277082240
362171168
272540136
255346608
425317056
398215608
372233088
248374128
420494272
476531184
315711712
332586136
268170240
364528256
388507080
294769472
85712224
84767072
217523776
354531072
162816296
321698176
294451728
323175192
177624384
85204176
301210832
304713728
346395744
87773736
290216032
285953824
229982336
268517472
211831712
113517512
327306752
222190448
348682720
148391296
332739520
275227488
181472776
186315432
167712496
170111744
160056032
130078528
323389136
224976352
385318872
115425864
264348816
150307104
127318848
204917480
183993128
224333400
185102632
236217184
190231360
400042592
288063336
324365736
187592912
130563144
397437632
325657952
270843072
282873152
267371328
179208576
350752208
320181024
182896712
254358792
401666032
387369568
153932224
193099424
255150848
412618912
214507680
258031392
364690400
314235168
304791840
160296320
271615456
218562672
239783744
384538768
359846496
227781728
397170720
331189720
388133600
239792384
255616992
323981000
282839200
306230688
300996048
179845888
198524368
182083424
203831024
290665536
186644168
417812416
296529368
328829520
358617888
208681000
334577616
351681024
175830272
218511712
409724352
290480256
177588640
299287584
294537856
265629472
190359856
204628608
207158920
231918320
297253152
390998912
397471824
297493600
326410880
248361472
284197056
322851744
211005024
285170464
192319024
489118496
332100688
306144824
468087840
454783008
269908768
251369984
352606344
487992984
372399840
277511512
315996232
436124784
465894208
443517696
341577920
281183320
225086016
265198128
319840960
408084608
221638176
393687168
212893936
440657272
352777568
361580016
307810560
339019472
215799104
207462864
380084736
352118784
265421720
458073536
221086976
223727488
268700368
427034544
461742144
487451744
336014040
496925536
488039496
237561056
294309480
408485408
411946016
316947952
375231648
436069648
427787976
507883216
296994352
304991840
262802112
334833296
379529848
448797072
238566864
422261792
258066856
351514944
244144960
357277488
364558832
307280768
456315840
416249792
296216424
325140272
306596448
443958216
346046568
467900832
351543744
423570784
321196288
258905680
363869952
359645728
501338760
329429024
313680320
408256672
256550528
578461312
578776000
737545904
642220032
402497480
259054136
595644984
750215072
699920384
526422832
677022960
267220992
529364992
370516544
691380800
693934384
644023304
735543424
557449920
279486976
684002144
490859776
637401440
316768640
387247680
621394328
309445240
708624976
403862336
295264560
466847952
611870688
684460040
686675328
556720632
632746584
744079792
497061512
286826464
485084928
388879472
677239920
495523712
708142656
426601616
365169440
666212328
383832296
623132416
478608024
487294496
595180784
293381408
662307768
490160928
405359232
314347168
575903384
583879680
545441552
469622168
686870240
501782528
688701952
703851104
307260416
474582192
429992656
653337296
656778552
449860288
618528768
661677720
494253104
484357952
464964736
746540192
546407040
539894912
488700832
466965496
538438848
414910088
467457552
591671456
480652336
543703424
546795832
526626256
575195792
608850752
745586720
612943744
398393552
534022896
400843904
508083224
574334032
360806720
458820672
723061824
628860072
443528928
617072768
563709264
627073864
641163264
738445760
626941664
441513344
426524640
710851128
350299248
514022648
434711712
463120040
447239392
402951072
669289376
655388352
650511904
453756128
534748544
675146568
686882688
433334736
688136656
696692512
661355520
359668232
355263664
674708520
456903160
707510776
510138488
525261216
530998096
535552096
430791896
485842336
732012000
515464448
580653272
417437264
518163304
747095552
663961024
514282056
712909920
605380960
583793920
515117080
368342016
642197288
542107920
381096776
552193720
387482368
719229768
605048864
436585056
551697240
583378168
595669656
486526624
477282400
153821920
482847168
134216040
256005472
171576248
470767520
407334272
180653536
460625376
423538368
176910776
203654688
248075104
399315808
417229536
142773856
188220256
273752672
475695168
482155816
304277824
395020912
305582016
309324800
468144720
332917280
217660808
189570656
495754848
437104288
479543776
246117544
292609384
331602912
328995872
326794720
146622208
215146848
244303056
514835664
391315384
405579584
270446784
355984160
315560440
483753312
290870544
233409712
248865920
150665104
226796032
413558720
243407960
211937984
196929568
307287904
173103344
433150192
168413344
176101048
417817152
243996800
545986688
362461560
213820384
214917440
387246720
336358464
245473952
394607904
469924824
195350048
515447552
328428800
426041920
287762624
547949376
436930816
435154936
528768928
328823232
238723872
369103840
467317760
475042496
318255392
345982640
278973536
202727520
422265024
496917440
394587392
513207264
226881232
503779512
417199872
207492736
476801536
450866944
461882560
560734016
440317784
463585336
216355200
430481504
223070048
230723728
209494784
507671728
257519048
347732952
555741664
259834560
336414656
264932448
306431144
448440352
395357848
254578240
481803040
450559032
574386528
202573088
274253792
249384680
242153344
365926192
352608512
452896408
499127008
446767360
539508736
399688344
225948248
438140128
485747080
228391136
319784768
534986688
431521600
323395712
319399104
234603744
540787936
435094832
408605880
531964480
428495040
581170936
447412224
306187952
565287432
525868992
293709792
353985664
436556288
392083808
575031304
387594912
239039808
573792632
318453824
541874560
272537088
398158752
381840384
580114400
457646048
264831136
445474080
438953128
260644640
268467008
586187584
374848576
322811680
298229696
304078728
363968672
573334176
411404104
392197568
395432416
385100256
414671432
359898832
544998528
417136800
582445528
347370496
331466400
270406496
348331264
549270672
495523520
561820928
396485024
379829216
319364096
475036920
535029376
346531216
352957888
319462688
373482528
434984928
381071728
334956512
405642416
479151608
572834976
375887328
585240672
511250584
274849920
303701192
567150896
306699016
510672640
383039104
559911424
289685072
488074856
479078624
456192448
369620320
458137960
448838976
486617376
417148960
556744800
434552112
496742352
297955744
359144544
438607328
556301888
549702240
359153120
386327968
363354304
417859424
445402368
484476672
355654024
383745440
341390992
420194960
504181776
714124352
800272256
436554688
671116720
707525472
315186560
716355504
854391128
731475904
622648096
549163456
661457088
778440896
563181648
353584544
461904352
421730400
715119680
362061160
693075432
724597368
357277472
495116016
533938720
856414784
817517720
633388192
803930048
492086112
532774288
340240400
537556680
675041568
338060288
785804288
423307000
730453344
591113712
508819000
498521088
793433264
643051360
700881632
670033792
374384016
382097248
846583448
555962768
652845704
534913472
385527624
684771232
419791424
739951536
617782648
495545808
593527152
728686672
734619296
521666048
568037968
417266176
791806696
751554176
594825760
841337552
680270536
660443840
434865312
703952800
681530880
592466760
637794512
715849600
748846848
861844896
640695392
747995240
873914464
567400672
501404160
606808384
791825696
715887088
693697232
476324352
727982592
702090552
403835008
660738176
462886592
772639216
793802992
867348568
565796728
654918584
545971232
562341936
424212824
672723288
503161736
732955416
481394624
646334976
735387136
626871424
580056504
586900992
471120008
512504320
568971856
457638432
563824928
743400928
737655520
869122376
820152192
662385152
472570384
575799904
617887296
485040128
871002816
745569136
527462240
739599680
630159584
724428536
627641712
857838816
793087904
491363808
667707832
732281056
843513072
652861952
588785688
631164768
740383184
661335264
803210328
781577336
595073744
870719904
545896936
101810032
130726288
225062504
272660672
224455040
248209568
329850504
111539472
105539712
129241088
114603792
258753856
240341984
208273568
168013400
131513192
330960192
145648256
163561792
302416480
215951456
163373352
213291040
132119728
156988032
226893552
257393256
335858792
238588928
300654208
258056920
328098720
309319872
169838696
242712672
334162528
341122168
393762560
141272736
191004304
387450880
289104928
233464576
190538112
216350464
216950072
408770304
195460656
182035208
204573832
226951584
172423280
323554816
166537120
277955392
405164928
452758688
195183256
360319872
329205600
439362752
420888088
458215200
166221264
313872928
410770656
183304992
386118336
394607040
410614176
188459400
280866560
283571064
279571008
293340752
379791704
476595104
300602904
191557552
243130944
457260480
376169648
230931328
324539296
342792224
379001984
171948768
215082272
217654944
441703904
263556672
307820928
393095040
252810640
395222624
382404864
271554560
308058152
454050016
434785272
371558016
436016544
329984672
418672168
190503616
243035232
369225584
462989120
242623648
484233856
435049872
188129376
428248320
208277528
305269280
400920272
188676144
223357568
380295344
434780576
295042816
211583872
278944256
298602048
332371360
341826912
476505920
266151872
366041760
394105824
409590528
318181048
411887312
323418496
226405760
294717000
357394112
295932056
453967904
480355168
331874736
235271368
455191488
418219104
238271872
277280576
381364048
402494656
492892960
496091872
276975384
333989440
480504544
451676288
375435696
471172800
267919168
484465696
330500832
273292496
386656832
229518880
262405472
244810784
306285184
334807648
295519392
452412472
341698432
495510784
459677856
247388864
413921952
268283696
349074344
451293184
246881112
493288168
366219096
377768072
482911104
424439632
494980288
281208800
249444296
375497232
344574816
331193888
491675408
456281688
308757984
253557704
451519104
277160576
380228512
410004128
628377960
320790680
646899864
279341696
321801952
368741344
369385664
339169200
284244072
660827344
365728320
489533352
442747552
659010592
550585768
554065184
430833592
679521120
622228704
265384560
380867168
608928128
415202240
330363280
682684816
645491976
346582464
663134096
293191616
452880384
598721152
539566264
519362272
439622272
691520448
389648448
473571224
634802272
513948664
291940072
677474048
336092064
558538240
578235024
308036272
327846088
468349360
442878768
468570008
573491416
638984736
475937776
645576264
407493312
408517152
395782784
579548272
591683968
467233856
652785536
438284768
579408704
662690048
435455776
485036928
483306992
330661120
471532032
616865704
427396128
345797392
447847832
407626368
518070560
337500800
652822608
557893248
598515752
590304384
628752096
362259424
387316320
510568000
477199200
320659008
436782144
327031584
417385176
512508464
623315168
333142976
424537056
672876864
631477264
567319040
604439680
626285856
490530352
388206048
681844384
478251016
688109072
401703544
412438504
342709376
339862144
577003296
518501280
660235008
478431328
461103008
565073056
616809856
354475648
433184448
440555200
392153824
630603840
604941904
650432936
494153008
493731928
568509544
833135232
930557472
876362656
504737088
766871248
645895168
813138624
579890576
660007424
892237576
871619360
788299008
374664256
897236672
591872160
865842384
826347872
393245712
730318688
788861856
819927136
590503648
525770896
439371400
933248648
874073720
773017864
941988064
756577760
447625152
860764096
624032200
403176360
486557808
650899736
688368912
575435576
905405640
838615744
915586024
841763904
441654632
906611504
485540480
562740800
835536656
737064064
866414592
617842112
467036720
965543640
477832128
577829784
688920640
633001640
605429888
853319592
722513152
528141832
885885448
816645440
791665408
442652664
626145600
595047496
628630368
477039912
676525632
917836704
814646480
607635264
936237160
544156944
835794464
585533440
524113832
852286400
637422016
940990952
528209856
827023104
668121040
712921984
543992288
893665264
833959936
915961328
796954864
908334800
943474280
589978504
703882416
728753664
790307408
499671728
678236664
530712024
829772408
835606048
667807968
644020168
586865088
860709904
631662656
607248128
609406896
508290096
564081840
837372200
606002720
473616640
490612816
578190304
616435968
463753288
631138912
529102232
726538776
610852096
639486456
854225704
495339744
956576968
914172072
949059336
593570480
578066112
724234048
626153472
507478656
488554112
865706448
796117376
826974592
713350784
703568656
641990464
784937088
777649856
628105984
737318864
530915752
872751528
634902408
816528256
575754624
575694936
971006040
673788120
539863496
950905288
918806080
801080776
644789664
631003232
952918112
751840512
735422912
853150456
904759152
702794896
806906768
957713320
495536896
762199312
832741344
735194096
598953480
496788120
804165968
847786624
624053048
568370968
771008384
513429512
695139240
706054208
572122848
901375712
559696416
919716304
900088192
852252464
169102560
249862912
231298864
243229128
321316608
253103840
370645632
287230336
250371768
320846624
217156048
161098216
290352976
358296032
355203904
156361536
169618840
222490896
185392552
336068032
135844176
195991376
178890560
155273072
119887008
253157952
325791712
210672560
255792704
319260296
331477952
325041952
276543160
254871992
396547936
235644168
339972864
377073072
397221584
373979296
364977088
364306592
292034160
378969600
138005288
145428888
225324384
268408128
384270312
299273000
191522976
134168032
364932904
234147664
211817984
280220400
129349184
275195840
131928048
371616704
199656576
218886608
177225440
399323472
408941408
254035680
302838912
259423008
229948176
416246568
275125920
174978720
330015936
183986336
285146736
305437744
372184448
388264160
366406976
297752928
210550272
292489600
167079672
198961632
377762880
238766312
401617248
272549056
392015424
331959760
396797856
233796416
207056576
327826176
359134208
414976208
276874064
408225896
241137248
239902752
194222144
219909760
352067968
432892192
484753104
325417728
380085760
399390672
434052832
283519312
256574768
267321664
215096672
277789984
202480856
329516800
235740608
305427432
251709760
480087152
198877080
207403552
356438976
443021664
394015104
268800704
295136960
484585824
305882944
303337568
277785600
334547920
282511488
428409216
428243584
252352672
264591848
380848928
396095600
304031456
470504328
304419104
266646768
301432416
362408240
333357640
389057056
313259136
356173600
386095560
248599776
247104488
443114112
292346232
346509792
336654560
452689888
425611840
452634528
330065568
378061184
290596400
342295744
386617184
231171264
414400512
403123024
299913568
267477536
325360288
238586544
236400864
386594888
390982096
434681144
489670240
278525160
288446272
265908960
489004544
443696624
320743840
361269600
383827680
341197608
349369760
368495072
254768784
443576960
430442624
360351232
406992392
319479392
386048768
472872576
443897504
376431784
643885824
310796800
289441504
285655776
531432608
517009392
280498688
449437424
418362688
563382936
713437920
330199712
654207648
649654840
682743392
575082656
481612504
624695968
528790864
386614792
454131200
592091776
402775520
323751832
288849920
681017344
429977608
566718968
604723376
706592608
575891968
364060728
572442704
705825912
279683608
470593024
328977408
659483824
455368000
431857312
434698568
718969760
408305152
446175744
614222880
582220256
444132056
364778080
611347136
605385216
641671432
519331840
327934496
561215192
655020936
384989112
481551104
707099048
543828992
659468288
461130688
417330240
316930720
587271040
658871744
645107584
455206336
444403648
549603048
568169840
326599360
573236640
542301224
357214736
686090392
681990368
345367616
599534088
467498304
674312344
412740656
413329920
583963424
700593280
458627632
666804848
513385296
335603704
471232560
441531616
640414888
473629824
649315936
630736080
556539736
433293760
463034048
408977792
543433032
585950688
345294368
556498912
521252672
562335424
629472368
594268720
579092680
589592688
426376328
418835872
535271968
702541136
372109360
563618856
569174424
657879488
569458864
669615704
541455336
646022696
602904624
597897952
443432288
454015152
521334592
697827416
505262464
370009264
712366640
717123872
783563304
751523456
508840192
567082272
811262976
954166912
684257784
574783512
716857088
437710736
717138560
866599240
483417264
734752128
736535552
586271368
460178384
400099704
606053376
832913936
472609448
420521504
606184616
659478480
685652464
555208816
675986800
941380144
452558640
736982928
422081088
575691592
494330592
483052192
1004317032
414415328
795102464
468185888
927890144
714483280
866726272
545665088
408819840
706954232
578362224
983499808
464952064
915201832
869705056
978393392
654821264
935410152
720886464
510193832
832089584
898344096
752900136
473206632
696678080
649601008
453782344
624889032
782424896
871396784
435170536
678200864
911181080
897366256
486650520
551501280
850860792
1013874880
859589696
878140056
555114200
464419968
927023616
459458688
1006451240
696038816
626042272
740969600
648312472
732686960
809842880
683489408
912530296
915341824
787867776
611098048
460838592
966546008
703957136
752013376
985180288
562440064
722353104
739807152
689691360
727118896
578781184
596900992
631060840
922035840
801830704
857279040
768058720
675161920
662382464
1015150464
800563440
808493696
609175008
699934824
844132592
996837024
828555168
852306768
869289648
782828864
798051048
802740392
467712056
946033808
743045456
851433808
747061968
683886128
640430144
492112128
861446224
848496032
505765728
563063192
722455168
773445152
573669592
817075344
601750520
688510592
541567512
968080592
630921864
787293920
627091688
894422336
594245984
762195344
664855936
1004594560
968710608
634830544
979168496
501621888
652497848
971236216
656726328
764256304
576911552
546670272
514569920
819947752
599109144
859491688
966553168
982449832
718526256
667489304
869046696
834830080
828480008
579695536
573770288
655196464
662024352
718907040
610525888
597194832
879697952
977232528
852247120
762930080
458747520
263933424
282593352
147140360
323094688
323278696
242044480
136632992
100331264
220153376
308810808
331058688
341638560
273068728
293658648
272452704
191530152
366095168
230024144
193097160
335316032
200596416
326481976
351440896
289962976
307570296
341966208
368617024
251428416
331559232
350834464
200071184
251760440
155134384
204701216
126317856
262030528
157534280
360250088
239960672
256172240
148382256
216602432
130269824
304394224
376097296
295873632
283275552
232280960
239089376
223478824
298310624
398204944
390486368
243772296
264696768
140277984
303651712
371224720
299744744
311450192
294926720
183249928
359057168
272446496
415204448
419868616
273610016
224803648
363089920
190352416
140373624
329321088
216747912
246397960
234561424
278772496
300626184
187900376
400028352
264614088
415320384
183409440
338115160
239501312
389905328
235292384
405815912
231862976
366790304
212177928
364654688
312563168
351100000
316246368
258852416
342941568
295144416
269278912
197455776
409430960
226474544
413616128
221064528
180972680
270235968
204879376
308269376
424266512
169334224
247118112
185179840
239513280
299217440
300688096
296751200
252544744
371421376
368712224
383638760
196482080
231696800
297093008
422110536
328218944
292976256
393080832
272196936
184279856
271387832
375273712
246644672
307218568
416723648
380270048
271321056
336808912
328760224
249565152
240542072
316240672
280352832
246314720
430706072
322125056
253588408
230126336
513945728
274547696
298528736
308712152
393453160
398743456
463859616
278174464
292547424
261246096
450159400
386722080
464570592
429334536
434517408
306752968
511955552
489200032
335920712
397874176
365791296
406109800
253605984
306575376
406264576
283185536
511912472
342220256
348556352
449230912
510887936
458000832
319311904
396355840
410467680
460905976
455829808
404390016
468693552
325362208
326936384
282508104
399661848
493869280
387327224
403412688
453452176
407673632
247873248
461462096
289192224
515204768
337300640
427778560
347486088
419080416
476934048
498400160
334947808
367922080
365150936
387631704
519326432
486130416
293819488
404392992
503455104
402715520
301197864
457876312
391871376
430378144
340623584
519254640
283752440
371974840
589234464
355765896
390149088
442819904
444601696
490113568
514468960
463404640
553252256
355640928
400215952
357671952
375860320
308255872
497137728
448854656
587854528
561220328
329197848
347050048
482182048
493095552
320619648
624937864
362245088
538976096
363457472
464897024
333372928
498687040
373593968
593451480
431914928
496225136
507935904
512404304
584044000
305748192
511235744
348117568
614006912
384583480
446815936
383639520
552190656
518541568
486179344
599640800
408129984
536589216
505097728
379763528
522858504
614436536
576574336
500806056
468471664
459108704
381106592
349260128
438620928
322111256
468670304
602682824
543780344
828289344
439234016
697522928
633227680
765988408
423609920
326671128
500093696
759840784
834667608
349983872
326186560
590542000
742821568
450057168
432645448
407956960
546891280
372131408
596866984
535571776
525852184
487525608
361938816
759943464
420642768
811489936
412365704
503359872
833128960
524609760
629745392
789305600
788976256
573555136
565685312
738191232
827672144
618473136
412724472
497823136
480886632
738177024
472577304
636611488
844677768
845699960
795497472
848641112
508530352
649688864
694052704
356878048
516935344
385080272
746398816
702619616
480656224
398153728
453292032
734541888
451308416
372558080
387098368
426558648
499933216
456176848
720768424
751741344
505080328
523501152
786826464
588394496
756861440
646974976
424198656
468793376
852720864
666929248
465354160
796136080
663794112
693935104
500633888
544279368
839636304
729266744
478313008
641510144
683281856
418431488
800779728
481945424
494158000
533515648
556475592
738340640
820966760
603738176
593049856
689858016
510290672
515126272
748280288
692227352
